Iteration 1
0.9887710779360422
0.955336489125606
0.9004471023526769
0.8253356149096783
0.7316888688738209
0.6216099682706644
0.49757104789172696
0.3623577544766736
0.21900668709304172
0.07073720166770313
-0.07912088880673364
-0.22720209469308666
-0.3701808313512865
-0.5048461045998571
-0.6281736227227388
-0.7373937155412451
-0.8300535352352219
-0.9040721420170609
-0.95778723755309
Iteration 2
0.9887710779360422
0.9775005046252064
0.9656919324693614
0.9523801714235612
0.9361804968808212
0.9153575593809706
0.8879114994090345
0.8516782746094673
0.804440701789037
0.7440463176254397
0.6685278825337054
0.5762222007814242
0.4658829121521956
0.3367830278827947
0.18880323400957866
0.022502362578800006
-0.1608330743655214
-0.3591627947189271
-0.5696919208906542
Iteration 3
0.9887710779360422
0.9775005046252064
0.9661887548320178
0.9548251684246235
0.9433665543487018
0.9317071210065397
0.9196419530008666
0.9068267848022361
0.8927372236433947
0.8766308264929479
0.8575155247103673
0.8341278066774289
0.804923811815559
0.7680860643045959
0.7215479936949971
0.6630376711164916
0.5901413585251187
0.5003865541495763
0.3913432539427195
